repo_id,repo_full_name,file,file_sha1,match
907604935,Masriyan/ExpertRecon,README.md,e0b00e9e9a69e650f87df02e25fcc60ddfbd0ac1,CVE-2021-12345
