match,match_weight,repo_url,repo_full_name,repo_id
CVE-2005-44627,0.00000323,https://github.com/BenjiTrapp/cisa-known-vuln-scraper,BenjiTrapp/cisa-known-vuln-scraper,669852222
