match,match_weight,repo_url,repo_full_name,repo_id
CVE-2022-41397,0.00038124,https://github.com/Shahrukh95/Cybersecurity-Domain-ChatBot-based-on-a-Fine-Tuned-Open-Source-Large-Language-Model,Shahrukh95/Cybersecurity-Domain-ChatBot-based-on-a-Fine-Tuned-Open-Source-Large-Language-Model,765351570
CVE-2022-41397,0.00000394,https://github.com/omok314159/CVE_Stat_2024,omok314159/CVE_Stat_2024,937828154
CVE-2022-41397,0.00000366,https://github.com/scmanjarrez/CVEScannerV2DB,scmanjarrez/CVEScannerV2DB,394995609
CVE-2022-41397,0.00000364,https://github.com/ARPSyndicate/cve-scores,ARPSyndicate/cve-scores,962405860
CVE-2022-41397,0.00000364,https://github.com/ARPSyndicate/cve-scores,ARPSyndicate/cve-scores,357427484
CVE-2022-41397,0.00000362,https://github.com/Live-Hack-CVE/full_database,Live-Hack-CVE/full_database,603381678
CVE-2022-41397,0.00000345,https://github.com/Galeax/CVE2CAPEC,Galeax/CVE2CAPEC,874674117
CVE-2022-41397,0.00000345,https://github.com/kston83/cvss-te,kston83/cvss-te,940980546
CVE-2022-41397,0.00000323,https://github.com/BenjiTrapp/cisa-known-vuln-scraper,BenjiTrapp/cisa-known-vuln-scraper,669852222
CVE-2022-41397,0.00000306,https://github.com/g33kb00m/CVE2Chinese,g33kb00m/CVE2Chinese,582653564
