match,match_weight,repo_url,repo_full_name,repo_id
VU#1298,0.01428571,https://github.com/stphano/NEAs-ranking,stphano/NEAs-ranking,530254011
VU#1298,0.00380228,https://github.com/YNakawake/intergen_tradeoff,YNakawake/intergen_tradeoff,580781766
VU#1298,0.00024149,https://github.com/Mr-xn/Penetration_Testing_POC,Mr-xn/Penetration_Testing_POC,198552685
VU#1298,0.00021272,https://github.com/XxMrNobodyxX/PentestCache,XxMrNobodyxX/PentestCache,920054524
