match,match_weight,repo_url,repo_full_name,repo_id
CVE-2023-43611,0.00014192,https://github.com/s4mw1se/cve-exploitability,s4mw1se/cve-exploitability,748466197
CVE-2023-43611,0.00001031,https://github.com/afonsovitorio/cve_sandbox,afonsovitorio/cve_sandbox,756917322
CVE-2023-43611,0.00000905,https://github.com/0xMarcio/cve,0xMarcio/cve,805332779
CVE-2023-43611,0.00000895,https://github.com/cve-sandbox-bot/cve_sandbox,cve-sandbox-bot/cve_sandbox,761136511
CVE-2023-43611,0.00000715,https://github.com/trickest/cve,trickest/cve,454015416
CVE-2023-43611,0.00000473,https://github.com/zer0daysec/CNVD-SharedVulData-XML,zer0daysec/CNVD-SharedVulData-XML,724578396
CVE-2023-43611,0.00000472,https://github.com/zhangkaibin0921/cnvd_official_data_and_spider,zhangkaibin0921/cnvd_official_data_and_spider,731956729
CVE-2023-43611,0.00000394,https://github.com/omok314159/CVE_Stat_2024,omok314159/CVE_Stat_2024,937828154
CVE-2023-43611,0.00000366,https://github.com/scmanjarrez/CVEScannerV2DB,scmanjarrez/CVEScannerV2DB,394995609
CVE-2023-43611,0.00000364,https://github.com/ARPSyndicate/cve-scores,ARPSyndicate/cve-scores,962405860
CVE-2023-43611,0.00000364,https://github.com/ARPSyndicate/cve-scores,ARPSyndicate/cve-scores,357427484
CVE-2023-43611,0.00000345,https://github.com/kston83/cvss-te,kston83/cvss-te,940980546
CVE-2023-43611,0.00000345,https://github.com/Galeax/CVE2CAPEC,Galeax/CVE2CAPEC,874674117
CVE-2023-43611,0.00000323,https://github.com/BenjiTrapp/cisa-known-vuln-scraper,BenjiTrapp/cisa-known-vuln-scraper,669852222
CVE-2023-43611,0.00000323,https://github.com/kaRaGODDD/cve_database,kaRaGODDD/cve_database,747924426
